9 0.5625 0.6814903846153846 0.10576923076923077 0.2512019230769231
9 0.8016826923076923 0.5997596153846154 0.04447115384615385 0.13581730769230768
4 0.40625 0.5697115384615384 0.17307692307692307 0.09134615384615384
6 0.5 0.40384615384615385 0.28365384615384615 0.12259615384615384
7 0.6766826923076923 0.39783653846153844 0.06850961538461539 0.10576923076923077
7 0.734375 0.40384615384615385 0.0673076923076923 0.10697115384615384
3 0.6826923076923077 0.5456730769230769 0.11057692307692307 0.18990384615384615
3 0.7584134615384616 0.5372596153846154 0.0673076923076923 0.1875
11 0.46875 0.5685096153846154 0.7127403846153846 0.47836538461538464
2 0.3701923076923077 0.49759615384615385 0.46634615384615385 0.11057692307692307
8 0.6826923076923077 0.43028846153846156 0.07211538461538461 0.056490384615384616
17 0.3161057692307692 0.6754807692307693 0.39903846153846156 0.17427884615384615