1 0.4098557692307692 0.40384615384615385 0.484375 0.5985576923076923
17 0.4675480769230769 0.5120192307692307 0.31009615384615385 0.14783653846153846
2 0.4675480769230769 0.2932692307692308 0.3161057692307692 0.08052884615384616
3 0.25 0.4170673076923077 0.07451923076923077 0.2536057692307692
4 0.35697115384615385 0.38221153846153844 0.08653846153846154 0.13581730769230768
4 0.6069711538461539 0.3918269230769231 0.051682692307692304 0.12980769230769232
6 0.4110576923076923 0.19471153846153846 0.24158653846153846 0.12980769230769232
8 0.24519230769230768 0.26802884615384615 0.07091346153846154 0.08052884615384616
9 0.30288461538461536 0.5649038461538461 0.09735576923076923 0.265625
9 0.21153846153846154 0.5336538461538461 0.06129807692307692 0.203125
9 0.5889423076923077 0.5925480769230769 0.10697115384615384 0.1971153846153846