11 0.49158653846153844 0.5204326923076923 0.9555288461538461 0.7067307692307693
17 0.1814903846153846 0.6947115384615384 0.3076923076923077 0.25
2 0.24639423076923078 0.46274038461538464 0.41346153846153844 0.11298076923076923
3 0.5853365384615384 0.5721153846153846 0.21875 0.3173076923076923
3 0.765625 0.5600961538461539 0.1622596153846154 0.32572115384615385
4 0.2668269230769231 0.5432692307692307 0.12860576923076922 0.11298076923076923
4 0.9399038461538461 0.47596153846153844 0.025240384615384616 0.12860576923076922
6 0.36778846153846156 0.3245192307692308 0.31490384615384615 0.19591346153846154
7 0.5853365384615384 0.33774038461538464 0.17548076923076922 0.20673076923076922
7 0.7367788461538461 0.31850961538461536 0.15504807692307693 0.20192307692307693
8 0.5420673076923077 0.38822115384615385 0.08774038461538461 0.0889423076923077
9 0.40625 0.7596153846153846 0.1466346153846154 0.33653846153846156
9 0.8617788461538461 0.7151442307692307 0.1346153846153846 0.2956730769230769
10 0.6189903846153846 0.22235576923076922 0.49278846153846156 0.056490384615384616