1 0.5264423076923077 0.5793269230769231 0.8485576923076923 0.6502403846153846
17 0.7620192307692307 0.7103365384615384 0.38221153846153844 0.17668269230769232
2 0.7163461538461539 0.5216346153846154 0.40625 0.08774038461538461
3 0.40024038461538464 0.6418269230769231 0.15985576923076922 0.3076923076923077
3 0.25721153846153844 0.6286057692307693 0.1310096153846154 0.30408653846153844
4 0.6574519230769231 0.5793269230769231 0.13341346153846154 0.12740384615384615
4 0.9038461538461539 0.5673076923076923 0.06009615384615385 0.12379807692307693
6 0.609375 0.39903846153846156 0.3293269230769231 0.1622596153846154
7 0.40384615384615385 0.41346153846153844 0.13341346153846154 0.18389423076923078
7 0.28365384615384615 0.4026442307692308 0.12620192307692307 0.16947115384615385
8 0.42427884615384615 0.46634615384615385 0.0889423076923077 0.0985576923076923
9 0.18269230769230768 0.7632211538461539 0.0889423076923077 0.23317307692307693
9 0.5348557692307693 0.7788461538461539 0.11298076923076923 0.2644230769230769
10 0.44350961538461536 0.296875 0.45072115384615385 0.07091346153846154