11 0.5168269230769231 0.6670673076923077 0.7740384615384616 0.45552884615384615
17 0.25961538461538464 0.7752403846153846 0.25600961538461536 0.18028846153846154
2 0.3137019230769231 0.6298076923076923 0.34615384615384615 0.12139423076923077
3 0.6225961538461539 0.6790865384615384 0.17067307692307693 0.2127403846153846
3 0.7572115384615384 0.6502403846153846 0.11778846153846154 0.19230769230769232
4 0.32572115384615385 0.6394230769230769 0.140625 0.09254807692307693
6 0.48677884615384615 0.5216346153846154 0.22235576923076922 0.12740384615384615
7 0.6454326923076923 0.5168269230769231 0.1141826923076923 0.11658653846153846
7 0.7403846153846154 0.5108173076923077 0.10336538461538461 0.1045673076923077
8 0.6201923076923077 0.5552884615384616 0.05889423076923077 0.06129807692307692
9 0.44711538461538464 0.7776442307692307 0.11298076923076923 0.234375
9 0.8365384615384616 0.7043269230769231 0.07692307692307693 0.17067307692307693
10 0.625 0.45913461538461536 0.2980769230769231 0.03365384615384615