1 0.5036057692307693 0.6286057692307693 0.8762019230769231 0.6081730769230769
17 0.7860576923076923 0.7608173076923077 0.30528846153846156 0.18028846153846154
2 0.7235576923076923 0.5336538461538461 0.4050480769230769 0.13942307692307693
3 0.3894230769230769 0.6262019230769231 0.1778846153846154 0.22115384615384615
3 0.2512019230769231 0.6033653846153846 0.11538461538461539 0.21634615384615385
4 0.7199519230769231 0.6213942307692307 0.1045673076923077 0.13942307692307693
6 0.5540865384615384 0.4254807692307692 0.2668269230769231 0.14903846153846154
7 0.328125 0.44350961538461536 0.20793269230769232 0.14423076923076922
8 0.3894230769230769 0.484375 0.09254807692307693 0.07211538461538461
9 0.5564903846153846 0.8040865384615384 0.1622596153846154 0.25721153846153844
9 0.15985576923076922 0.6850961538461539 0.0889423076923077 0.18509615384615385