11 0.49759615384615385 0.5 0.9603365384615384 0.9603365384615384
17 0.2668269230769231 0.8293269230769231 0.49278846153846156 0.2956730769230769
2 0.33533653846153844 0.5637019230769231 0.5504807692307693 0.31850961538461536
3 0.7788461538461539 0.4543269230769231 0.1622596153846154 0.3942307692307692
4 0.39783653846153844 0.7319711538461539 0.1201923076923077 0.12259615384615384
4 0.06129807692307692 0.5588942307692307 0.057692307692307696 0.12259615384615384
6 0.44350961538461536 0.33413461538461536 0.4723557692307692 0.30408653846153844
7 0.7367788461538461 0.2824519230769231 0.17307692307692307 0.27403846153846156
8 0.7319711538461539 0.4050480769230769 0.1045673076923077 0.08413461538461539
9 0.5913461538461539 0.8353365384615384 0.1875 0.26802884615384615
9 0.9302884615384616 0.40384615384615385 0.06971153846153846 0.1814903846153846