15 0.49399038461538464 0.4891826923076923 0.9651442307692307 0.484375
17 0.06370192307692307 0.6213942307692307 0.1045673076923077 0.10817307692307693
2 0.16826923076923078 0.46634615384615385 0.2512019230769231 0.22115384615384615
3 0.4387019230769231 0.5492788461538461 0.25841346153846156 0.22115384615384615
3 0.6742788461538461 0.5408653846153846 0.1971153846153846 0.21634615384615385
4 0.046875 0.5588942307692307 0.06129807692307692 0.08774038461538461
5 0.8798076923076923 0.38100961538461536 0.1622596153846154 0.12379807692307693
6 0.359375 0.36899038461538464 0.15384615384615385 0.15985576923076922
7 0.47716346153846156 0.3942307692307692 0.20432692307692307 0.17067307692307693
7 0.6658653846153846 0.3713942307692308 0.1814903846153846 0.16466346153846154
8 0.3798076923076923 0.453125 0.0733173076923077 0.0829326923076923
9 0.19110576923076922 0.6418269230769231 0.15865384615384615 0.18028846153846154
9 0.7776442307692307 0.5973557692307693 0.12740384615384615 0.16466346153846154
10 0.5865384615384616 0.29927884615384615 0.3317307692307692 0.10336538461538461