1 0.5024038461538461 0.5264423076923077 0.8978365384615384 0.7067307692307693
17 0.7367788461538461 0.7091346153846154 0.4423076923076923 0.22956730769230768
2 0.6730769230769231 0.42427884615384615 0.49038461538461536 0.12740384615384615
3 0.30408653846153844 0.5492788461538461 0.15144230769230768 0.30408653846153844
3 0.19110576923076922 0.5456730769230769 0.08173076923076923 0.27524038461538464
4 0.6538461538461539 0.5192307692307693 0.15625 0.1141826923076923
6 0.5516826923076923 0.27524038461538464 0.3762019230769231 0.18629807692307693
7 0.33052884615384615 0.3004807692307692 0.12259615384615384 0.19471153846153846
7 0.19110576923076922 0.3317307692307692 0.12980769230769232 0.19471153846153846
8 0.328125 0.31971153846153844 0.10817307692307693 0.09615384615384616
9 0.4675480769230769 0.7463942307692307 0.19831730769230768 0.2668269230769231
9 0.1045673076923077 0.6454326923076923 0.06009615384615385 0.17067307692307693