11 0.5288461538461539 0.5084134615384616 0.7103365384615384 0.5901442307692307
17 0.34615384615384615 0.6862980769230769 0.34375 0.19110576923076922
2 0.3894230769230769 0.5024038461538461 0.33653846153846156 0.18629807692307693
3 0.6850961538461539 0.5576923076923077 0.13822115384615385 0.2956730769230769
4 0.4639423076923077 0.5733173076923077 0.10096153846153846 0.1201923076923077
4 0.21754807692307693 0.5 0.06490384615384616 0.10336538461538461
6 0.47596153846153844 0.36899038461538464 0.2932692307692308 0.13701923076923078
7 0.6778846153846154 0.3629807692307692 0.12259615384615384 0.14783653846153846
8 0.6502403846153846 0.4206730769230769 0.0829326923076923 0.07692307692307693
9 0.5637019230769231 0.6862980769230769 0.11899038461538461 0.22355769230769232
9 0.8497596153846154 0.5685096153846154 0.06850961538461539 0.20793269230769232
10 0.5961538461538461 0.2704326923076923 0.36538461538461536 0.10336538461538461