13 0.5 0.4951923076923077 0.9927884615384616 0.9795673076923077
17 0.2956730769230769 0.796875 0.5841346153846154 0.2932692307692308
3 0.8197115384615384 0.46153846153846156 0.17668269230769232 0.31490384615384615
3 0.9459134615384616 0.43509615384615385 0.08413461538461539 0.27283653846153844
4 0.33653846153846156 0.5360576923076923 0.17307692307692307 0.26802884615384615
5 0.15384615384615385 0.4567307692307692 0.3004807692307692 0.3557692307692308
6 0.17548076923076922 0.15985576923076922 0.33413461538461536 0.3088942307692308
7 0.7884615384615384 0.1778846153846154 0.17668269230769232 0.28365384615384615
7 0.9194711538461539 0.18870192307692307 0.13822115384615385 0.23197115384615385
6 0.5733173076923077 0.18028846153846154 0.2536057692307692 0.35096153846153844
9 0.6754807692307693 0.78125 0.17307692307692307 0.36538461538461536