1 0.4891826923076923 0.5336538461538461 0.8221153846153846 0.6971153846153846
17 0.6237980769230769 0.71875 0.5697115384615384 0.25721153846153844
2 0.5853365384615384 0.4567307692307692 0.5552884615384616 0.14182692307692307
3 0.22115384615384615 0.5600961538461539 0.0829326923076923 0.3112980769230769
3 0.15144230769230768 0.5384615384615384 0.06009615384615385 0.3004807692307692
4 0.4495192307692308 0.5432692307692307 0.17307692307692307 0.1141826923076923
4 0.8461538461538461 0.5396634615384616 0.06850961538461539 0.11778846153846154
6 0.4795673076923077 0.30649038461538464 0.40384615384615385 0.18629807692307693
7 0.24639423076923078 0.3233173076923077 0.052884615384615384 0.18269230769230768
7 0.19110576923076922 0.31971153846153844 0.08533653846153846 0.16947115384615385
8 0.22596153846153846 0.3786057692307692 0.07451923076923077 0.07932692307692307
9 0.31490384615384615 0.7199519230769231 0.09615384615384616 0.3137019230769231
9 0.11057692307692307 0.6442307692307693 0.051682692307692304 0.2620192307692308