11 0.4987980769230769 0.5288461538461539 0.8233173076923077 0.6021634615384616
17 0.22355769230769232 0.6923076923076923 0.27524038461538464 0.15144230769230768
2 0.2848557692307692 0.5180288461538461 0.32091346153846156 0.12740384615384615
3 0.6201923076923077 0.5697115384615384 0.17908653846153846 0.24879807692307693
3 0.7572115384615384 0.5204326923076923 0.12379807692307693 0.21875
4 0.29447115384615385 0.6009615384615384 0.13942307692307693 0.05889423076923077
4 0.9026442307692307 0.43028846153846156 0.020432692307692308 0.11298076923076923
6 0.4254807692307692 0.35336538461538464 0.2848557692307692 0.15745192307692307
7 0.5997596153846154 0.36778846153846156 0.15144230769230768 0.18389423076923078
7 0.7427884615384616 0.3401442307692308 0.13581730769230768 0.17307692307692307
8 0.5600961538461539 0.4326923076923077 0.06971153846153846 0.07211538461538461
7 0.8401442307692307 0.33052884615384615 0.10216346153846154 0.14783653846153846
9 0.4326923076923077 0.6995192307692307 0.140625 0.21634615384615385
9 0.8365384615384616 0.5745192307692307 0.06490384615384616 0.14543269230769232
10 0.6165865384615384 0.2536057692307692 0.3786057692307692 0.04807692307692308