11 0.5072115384615384 0.5372596153846154 0.9375 0.6923076923076923
17 0.20793269230769232 0.7596153846153846 0.32572115384615385 0.21754807692307693
2 0.27524038461538464 0.49038461538461536 0.41225961538461536 0.18389423076923078
3 0.671875 0.5685096153846154 0.22115384615384615 0.3076923076923077
3 0.8329326923076923 0.4963942307692308 0.12980769230769232 0.24519230769230768
4 0.22596153846153846 0.609375 0.16947115384615385 0.12740384615384615
4 0.9663461538461539 0.40024038461538464 0.02283653846153846 0.11899038461538461
6 0.4483173076923077 0.32572115384615385 0.3293269230769231 0.18629807692307693
7 0.8137019230769231 0.30649038461538464 0.12860576923076922 0.15144230769230768
8 0.6274038461538461 0.42427884615384615 0.08774038461538461 0.1045673076923077
9 0.44471153846153844 0.7608173076923077 0.15985576923076922 0.25600961538461536
9 0.8954326923076923 0.5877403846153846 0.08052884615384616 0.1658653846153846
10 0.6418269230769231 0.22115384615384615 0.37259615384615385 0.051682692307692304