1 0.49759615384615385 0.5012019230769231 0.9879807692307693 0.8449519230769231
17 0.6358173076923077 0.46875 0.7151442307692307 0.17548076923076922
2 0.5552884615384616 0.36538461538461536 0.6586538461538461 0.09254807692307693
3 0.1310096153846154 0.4951923076923077 0.12620192307692307 0.2692307692307692
4 0.4807692307692308 0.46153846153846156 0.07692307692307693 0.1141826923076923
4 0.7956730769230769 0.4675480769230769 0.0829326923076923 0.11899038461538461
6 0.3557692307692308 0.2127403846153846 0.27884615384615385 0.1466346153846154
6 0.6670673076923077 0.22355769230769232 0.28125 0.17067307692307693
7 0.05048076923076923 0.2764423076923077 0.06129807692307692 0.13581730769230768
7 0.11538461538461539 0.27283653846153844 0.04927884615384615 0.16947115384615385
7 0.17067307692307693 0.27524038461538464 0.05048076923076923 0.18389423076923078
8 0.13341346153846154 0.3269230769230769 0.09254807692307693 0.1466346153846154
9 0.29447115384615385 0.7151442307692307 0.15625 0.39302884615384615
9 0.06370192307692307 0.6838942307692307 0.07572115384615384 0.32572115384615385
9 0.9110576923076923 0.7379807692307693 0.1141826923076923 0.4170673076923077
9 0.5757211538461539 0.8004807692307693 0.14903846153846154 0.09254807692307693