1 0.49158653846153844 0.5877403846153846 0.7283653846153846 0.5637019230769231
17 0.6899038461538461 0.6237980769230769 0.3269230769230769 0.3798076923076923
2 0.5817307692307693 0.43149038461538464 0.4362980769230769 0.18990384615384615
3 0.2932692307692308 0.6322115384615384 0.13701923076923078 0.21754807692307693
3 0.21995192307692307 0.6502403846153846 0.0985576923076923 0.22115384615384615
4 0.5973557692307693 0.5709134615384616 0.125 0.11538461538461539
4 0.8112980769230769 0.4375 0.052884615384615384 0.11778846153846154
6 0.4387019230769231 0.39663461538461536 0.27524038461538464 0.19110576923076922
7 0.2668269230769231 0.47115384615384615 0.06850961538461539 0.11658653846153846
7 0.2091346153846154 0.48197115384615385 0.055288461538461536 0.13942307692307693
8 0.27283653846153844 0.5060096153846154 0.06850961538461539 0.07692307692307693
9 0.19110576923076922 0.7163461538461539 0.09014423076923077 0.17668269230769232
9 0.47475961538461536 0.7367788461538461 0.15625 0.2620192307692308
10 0.3581730769230769 0.3581730769230769 0.25961538461538464 0.0985576923076923