13 0.47596153846153844 0.5973557692307693 0.734375 0.6838942307692307
17 0.32091346153846156 0.7680288461538461 0.4423076923076923 0.23677884615384615
3 0.7007211538461539 0.5588942307692307 0.09014423076923077 0.24639423076923078
3 0.7704326923076923 0.5324519230769231 0.0625 0.2091346153846154
4 0.4326923076923077 0.5504807692307693 0.19831730769230768 0.10216346153846154
4 0.13822115384615385 0.5096153846153846 0.04567307692307692 0.08052884615384616
5 0.2848557692307692 0.5108173076923077 0.31490384615384615 0.3870192307692308
6 0.30649038461538464 0.3870192307692308 0.32091346153846156 0.15625
7 0.6322115384615384 0.3786057692307692 0.15384615384615385 0.14903846153846154
7 0.7415865384615384 0.3641826923076923 0.08173076923076923 0.13221153846153846
8 0.8004807692307693 0.4014423076923077 0.042067307692307696 0.06610576923076923
9 0.6237980769230769 0.7920673076923077 0.10576923076923077 0.30649038461538464
9 0.8245192307692307 0.5793269230769231 0.039663461538461536 0.1658653846153846