11 0.49759615384615385 0.43028846153846156 0.7127403846153846 0.49158653846153844
17 0.28725961538461536 0.5228365384615384 0.2704326923076923 0.13221153846153846
2 0.3317307692307692 0.3557692307692308 0.3076923076923077 0.07692307692307693
3 0.5805288461538461 0.4495192307692308 0.12860576923076922 0.2091346153846154
4 0.37740384615384615 0.421875 0.08052884615384616 0.09735576923076923
4 0.8329326923076923 0.41466346153846156 0.02403846153846154 0.1045673076923077
6 0.42427884615384615 0.27163461538461536 0.22235576923076922 0.11177884615384616
7 0.5757211538461539 0.28365384615384615 0.0985576923076923 0.12860576923076922
8 0.5625 0.3173076923076923 0.06490384615384616 0.06971153846153846
9 0.4579326923076923 0.5612980769230769 0.09615384615384616 0.21634615384615385
9 0.7487980769230769 0.546875 0.09375 0.2091346153846154
10 0.49399038461538464 0.21033653846153846 0.25 0.038461538461538464