13 0.5 0.5649038461538461 0.8870192307692307 0.7019230769230769
17 0.3329326923076923 0.6995192307692307 0.5661057692307693 0.22355769230769232
3 0.7235576923076923 0.5877403846153846 0.10216346153846154 0.33052884615384615
3 0.8149038461538461 0.5889423076923077 0.10697115384615384 0.30288461538461536
4 0.48197115384615385 0.4807692307692308 0.18389423076923078 0.10216346153846154
4 0.125 0.49278846153846156 0.10817307692307693 0.09254807692307693
5 0.3245192307692308 0.48197115384615385 0.453125 0.25
6 0.37740384615384615 0.3269230769230769 0.4026442307692308 0.14783653846153846
7 0.6610576923076923 0.3425480769230769 0.11298076923076923 0.17908653846153846
7 0.7451923076923077 0.34975961538461536 0.13221153846153846 0.19471153846153846
8 0.8341346153846154 0.4206730769230769 0.06129807692307692 0.07572115384615384
9 0.6586538461538461 0.7283653846153846 0.08653846153846154 0.3401442307692308
9 0.8834134615384616 0.7199519230769231 0.11778846153846154 0.2548076923076923
10 0.4795673076923077 0.24879807692307693 0.4230769230769231 0.04567307692307692