1 0.5036057692307693 0.5552884615384616 0.9278846153846154 0.5733173076923077
17 0.6237980769230769 0.6370192307692307 0.6802884615384616 0.2247596153846154
2 0.6105769230769231 0.4735576923076923 0.6670673076923077 0.1310096153846154
3 0.15264423076923078 0.5528846153846154 0.08653846153846154 0.2776442307692308
4 0.4230769230769231 0.4855769230769231 0.1778846153846154 0.11298076923076923
4 0.8858173076923077 0.5024038461538461 0.10576923076923077 0.0829326923076923
6 0.47475961538461536 0.36538461538461536 0.4639423076923077 0.15985576923076922
7 0.21033653846153846 0.3713942307692308 0.0673076923076923 0.14182692307692307
8 0.16466346153846154 0.4182692307692308 0.09495192307692307 0.08533653846153846
9 0.24759615384615385 0.65625 0.11778846153846154 0.32091346153846156
9 0.06850961538461539 0.6382211538461539 0.05048076923076923 0.2644230769230769