1 0.45913461538461536 0.47475961538461536 0.9038461538461539 0.6911057692307693
17 0.7860576923076923 0.7007211538461539 0.30528846153846156 0.17548076923076922
2 0.6598557692307693 0.4170673076923077 0.49399038461538464 0.20673076923076922
3 0.2860576923076923 0.47475961538461536 0.18509615384615385 0.26802884615384615
3 0.1346153846153846 0.4206730769230769 0.13942307692307693 0.24278846153846154
4 0.7800480769230769 0.5649038461538461 0.1935096153846154 0.12860576923076922
6 0.5024038461538461 0.2548076923076923 0.3245192307692308 0.19110576923076922
7 0.28365384615384615 0.2704326923076923 0.1346153846153846 0.18028846153846154
7 0.16947115384615385 0.23918269230769232 0.10817307692307693 0.13942307692307693
8 0.3112980769230769 0.3293269230769231 0.09615384615384616 0.0829326923076923
9 0.5516826923076923 0.6730769230769231 0.18509615384615385 0.28365384615384615
9 0.06370192307692307 0.4795673076923077 0.0733173076923077 0.17548076923076922
10 0.34615384615384615 0.1622596153846154 0.45913461538461536 0.046875