11 0.4987980769230769 0.5324519230769231 0.9338942307692307 0.6911057692307693
11 0.27403846153846156 0.7331730769230769 0.4723557692307692 0.22716346153846154
2 0.36778846153846156 0.46033653846153844 0.5841346153846154 0.1778846153846154
3 0.765625 0.5216346153846154 0.19110576923076922 0.31971153846153844
4 0.421875 0.5925480769230769 0.1875 0.1045673076923077
4 0.08774038461538461 0.5300480769230769 0.06370192307692307 0.109375
6 0.5036057692307693 0.3173076923076923 0.38221153846153844 0.19591346153846154
8 0.75 0.37259615384615385 0.08173076923076923 0.08173076923076923
9 0.5745192307692307 0.7223557692307693 0.16105769230769232 0.30649038461538464
9 0.9182692307692307 0.5372596153846154 0.078125 0.23557692307692307
8 0.33413461538461536 0.3137019230769231 0.04807692307692308 0.07091346153846154