16 0.5012019230769231 0.5817307692307693 0.6754807692307693 0.4567307692307692
17 0.7680288461538461 0.5913461538461539 0.14543269230769232 0.125
2 0.6935096153846154 0.4723557692307692 0.24278846153846154 0.0829326923076923
3 0.4567307692307692 0.6225961538461539 0.21033653846153846 0.16346153846153846
4 0.7235576923076923 0.5204326923076923 0.10697115384615384 0.057692307692307696
6 0.5612980769230769 0.4375 0.16346153846153846 0.10817307692307693
7 0.4326923076923077 0.4879807692307692 0.14783653846153846 0.10216346153846154
7 0.29086538461538464 0.5072115384615384 0.12860576923076922 0.12259615384615384
8 0.5084134615384616 0.5096153846153846 0.052884615384615384 0.0625
7 0.26802884615384615 0.7235576923076923 0.11057692307692307 0.15745192307692307
7 0.6442307692307693 0.6370192307692307 0.11778846153846154 0.17067307692307693
10 0.36778846153846156 0.42427884615384615 0.30649038461538464 0.12740384615384615