11 0.49278846153846156 0.49759615384615385 0.9507211538461539 0.6586538461538461
17 0.2920673076923077 0.6502403846153846 0.5456730769230769 0.2512019230769231
2 0.36538461538461536 0.42427884615384615 0.5973557692307693 0.17307692307692307
3 0.7728365384615384 0.4879807692307692 0.13701923076923078 0.31009615384615385
3 0.8798076923076923 0.4543269230769231 0.07932692307692307 0.2512019230769231
4 0.40865384615384615 0.5120192307692307 0.24879807692307693 0.1466346153846154
4 0.07572115384615384 0.4651442307692308 0.04927884615384615 0.09975961538461539
6 0.5168269230769231 0.2776442307692308 0.4026442307692308 0.16466346153846154
7 0.7716346153846154 0.2824519230769231 0.0985576923076923 0.15144230769230768
7 0.8461538461538461 0.2764423076923077 0.09254807692307693 0.140625
8 0.7704326923076923 0.33052884615384615 0.09134615384615384 0.06971153846153846
9 0.6153846153846154 0.6646634615384616 0.13701923076923078 0.32211538461538464
9 0.9170673076923077 0.5336538461538461 0.0673076923076923 0.18509615384615385
10 0.6358173076923077 0.19951923076923078 0.3605769230769231 0.037259615384615384