15 0.47716346153846156 0.5673076923076923 0.9014423076923077 0.5204326923076923
17 0.1346153846153846 0.703125 0.21634615384615385 0.1875
2 0.19951923076923078 0.5072115384615384 0.3161057692307692 0.0985576923076923
3 0.5096153846153846 0.6009615384615384 0.19831730769230768 0.234375
3 0.6766826923076923 0.5889423076923077 0.12980769230769232 0.22956730769230768
6 0.3701923076923077 0.40865384615384615 0.18629807692307693 0.12980769230769232
4 0.18028846153846154 0.5733173076923077 0.09495192307692307 0.0829326923076923
4 0.8990384615384616 0.5180288461538461 0.042067307692307696 0.140625
7 0.5168269230769231 0.421875 0.15985576923076922 0.15625
7 0.6658653846153846 0.4110576923076923 0.13701923076923078 0.15625
6 0.8040865384615384 0.40384615384615385 0.17067307692307693 0.12980769230769232
8 0.4807692307692308 0.4579326923076923 0.08774038461538461 0.0733173076923077
9 0.3161057692307692 0.7115384615384616 0.16706730769230768 0.24519230769230768
9 0.78125 0.6850961538461539 0.13341346153846154 0.21394230769230768
10 0.6177884615384616 0.3329326923076923 0.49038461538461536 0.042067307692307696