11 0.4879807692307692 0.6418269230769231 0.9411057692307693 0.6947115384615384
17 0.18028846153846154 0.7956730769230769 0.3401442307692308 0.23076923076923078
2 0.3293269230769231 0.49158653846153844 0.5084134615384616 0.10576923076923077
3 0.6983173076923077 0.6262019230769231 0.19951923076923078 0.30288461538461536
4 0.2764423076923077 0.6346153846153846 0.17668269230769232 0.16947115384615385
4 0.9411057692307693 0.5264423076923077 0.027644230769230768 0.09134615384615384
6 0.4807692307692308 0.3870192307692308 0.2956730769230769 0.14182692307692307
7 0.6971153846153846 0.4050480769230769 0.15625 0.1502403846153846
8 0.6730769230769231 0.45552884615384615 0.12139423076923077 0.0889423076923077
9 0.4519230769230769 0.8329326923076923 0.20793269230769232 0.328125
9 0.8701923076923077 0.6887019230769231 0.09014423076923077 0.19471153846153846
10 0.6057692307692307 0.3161057692307692 0.3088942307692308 0.04447115384615385