11 0.49038461538461536 0.5492788461538461 0.8509615384615384 0.6177884615384616
17 0.375 0.6995192307692307 0.6322115384615384 0.22956730769230768
2 0.41225961538461536 0.49399038461538464 0.6141826923076923 0.15865384615384615
3 0.8088942307692307 0.6069711538461539 0.1201923076923077 0.3173076923076923
4 0.14903846153846154 0.5108173076923077 0.11658653846153846 0.12620192307692307
4 0.5733173076923077 0.5216346153846154 0.17067307692307693 0.12620192307692307
6 0.5132211538461539 0.3605769230769231 0.4362980769230769 0.17427884615384615
7 0.765625 0.3713942307692308 0.07692307692307693 0.17427884615384615
8 0.8076923076923077 0.4266826923076923 0.09495192307692307 0.0985576923076923
9 0.7151442307692307 0.6862980769230769 0.06850961538461539 0.34375
9 0.8894230769230769 0.6478365384615384 0.06129807692307692 0.28966346153846156