1 0.5072115384615384 0.4951923076923077 0.9807692307692307 0.9098557692307693
17 0.6971153846153846 0.7884615384615384 0.5949519230769231 0.33653846153846156
2 0.6057692307692307 0.39663461538461536 0.6694711538461539 0.26322115384615385
3 0.15384615384615385 0.43149038461538464 0.12379807692307693 0.34615384615384615
3 0.07211538461538461 0.34375 0.0733173076923077 0.28725961538461536
6 0.45913461538461536 0.19951923076923078 0.4495192307692308 0.22716346153846154
4 0.5096153846153846 0.6346153846153846 0.12139423076923077 0.16466346153846154
4 0.6274038461538461 0.6262019230769231 0.11778846153846154 0.16826923076923078
4 0.9639423076923077 0.5036057692307693 0.056490384615384616 0.17548076923076922
7 0.17908653846153846 0.20552884615384615 0.1045673076923077 0.2403846153846154
7 0.10216346153846154 0.15745192307692307 0.08653846153846154 0.15865384615384615
8 0.15384615384615385 0.26802884615384615 0.10096153846153846 0.09014423076923077
9 0.32091346153846156 0.7223557692307693 0.1658653846153846 0.3786057692307692
9 0.04807692307692308 0.3942307692307692 0.0625 0.20793269230769232
10 0.33653846153846156 0.06971153846153846 0.4651442307692308 0.06009615384615385