1 0.6298076923076923 0.6586538461538461 0.546875 0.5444711538461539
17 0.7379807692307693 0.7860576923076923 0.3293269230769231 0.19951923076923078
2 0.6850961538461539 0.5564903846153846 0.33774038461538464 0.109375
3 0.46274038461538464 0.6875 0.06971153846153846 0.22355769230769232
3 0.40384615384615385 0.671875 0.055288461538461536 0.20072115384615385
4 0.6033653846153846 0.6466346153846154 0.0985576923076923 0.09375
4 0.8521634615384616 0.5865384615384616 0.057692307692307696 0.09975961538461539
6 0.6117788461538461 0.48677884615384615 0.25600961538461536 0.14423076923076922
7 0.4483173076923077 0.5108173076923077 0.08052884615384616 0.1201923076923077
8 0.46033653846153844 0.5528846153846154 0.0673076923076923 0.06490384615384616
9 0.3954326923076923 0.7728365384615384 0.05889423076923077 0.19110576923076922
9 0.5444711538461539 0.8137019230769231 0.0733173076923077 0.24158653846153846
10 0.546875 0.42788461538461536 0.28966346153846156 0.04326923076923077