11 0.5252403846153846 0.4675480769230769 0.9002403846153846 0.6610576923076923
17 0.31490384615384615 0.6658653846153846 0.46274038461538464 0.21995192307692307
2 0.37259615384615385 0.41947115384615385 0.5120192307692307 0.17908653846153846
3 0.7800480769230769 0.44711538461538464 0.14182692307692307 0.296875
3 0.890625 0.3858173076923077 0.09134615384615384 0.2091346153846154
4 0.4074519230769231 0.5252403846153846 0.23197115384615385 0.1466346153846154
6 0.5492788461538461 0.25 0.36177884615384615 0.1814903846153846
7 0.7716346153846154 0.24278846153846154 0.11057692307692307 0.17067307692307693
7 0.8653846153846154 0.2247596153846154 0.10576923076923077 0.13822115384615385
8 0.7668269230769231 0.30288461538461536 0.08774038461538461 0.06370192307692307
9 0.6237980769230769 0.640625 0.15144230769230768 0.28365384615384615
9 0.9411057692307693 0.453125 0.057692307692307696 0.17668269230769232
10 0.6814903846153846 0.16105769230769232 0.38100961538461536 0.04447115384615385