11 0.5072115384615384 0.5 0.8653846153846154 0.9783653846153846
17 0.3605769230769231 0.7271634615384616 0.5661057692307693 0.42908653846153844
2 0.4362980769230769 0.33052884615384615 0.53125 0.30528846153846156
3 0.7884615384615384 0.5733173076923077 0.11658653846153846 0.46875
3 0.8713942307692307 0.5 0.06850961538461539 0.40384615384615385
4 0.5721153846153846 0.5288461538461539 0.19110576923076922 0.14903846153846154
4 0.15745192307692307 0.3485576923076923 0.0985576923076923 0.22596153846153846
6 0.5348557692307693 0.13822115384615385 0.4338942307692308 0.22596153846153846
7 0.7836538461538461 0.1875 0.06370192307692307 0.28725961538461536
7 0.8449519230769231 0.18870192307692307 0.08052884615384616 0.28365384615384615
8 0.7992788461538461 0.2848557692307692 0.08774038461538461 0.1201923076923077
8 0.3004807692307692 0.08774038461538461 0.06490384615384616 0.1310096153846154
9 0.6730769230769231 0.7848557692307693 0.13341346153846154 0.4074519230769231
9 0.8786057692307693 0.703125 0.09134615384615384 0.375