13 0.5240384615384616 0.5108173076923077 0.8858173076923077 0.6514423076923077
17 0.3473557692307692 0.6586538461538461 0.5408653846153846 0.30288461538461536
5 0.3389423076923077 0.3641826923076923 0.4855769230769231 0.10096153846153846
3 0.7920673076923077 0.49759615384615385 0.10576923076923077 0.3076923076923077
3 0.8786057692307693 0.4723557692307692 0.08052884615384616 0.25600961538461536
4 0.421875 0.45913461538461536 0.19471153846153846 0.10817307692307693
4 0.15144230769230768 0.4098557692307692 0.09495192307692307 0.09375
6 0.4735576923076923 0.2644230769230769 0.4014423076923077 0.14423076923076922
7 0.75 0.28365384615384615 0.12740384615384615 0.14783653846153846
7 0.8377403846153846 0.29086538461538464 0.1141826923076923 0.15745192307692307
8 0.9098557692307693 0.32572115384615385 0.052884615384615384 0.052884615384615384
9 0.6947115384615384 0.6766826923076923 0.11899038461538461 0.33413461538461536
9 0.9375 0.5024038461538461 0.054086538461538464 0.18990384615384615
10 0.625 0.19831730769230768 0.38221153846153844 0.027644230769230768