15 0.49759615384615385 0.5721153846153846 0.8930288461538461 0.47836538461538464
17 0.17067307692307693 0.671875 0.22956730769230768 0.13341346153846154
2 0.2439903846153846 0.5276442307692307 0.32572115384615385 0.0889423076923077
3 0.5408653846153846 0.5949519230769231 0.1778846153846154 0.22235576923076922
3 0.6887019230769231 0.5805288461538461 0.140625 0.21634615384615385
4 0.16826923076923078 0.5889423076923077 0.11538461538461539 0.078125
4 0.921875 0.5252403846153846 0.030048076923076924 0.09495192307692307
6 0.41346153846153844 0.4338942307692308 0.16706730769230768 0.13341346153846154
7 0.5444711538461539 0.4387019230769231 0.140625 0.14423076923076922
7 0.6742788461538461 0.4254807692307692 0.12620192307692307 0.12740384615384615
9 0.3449519230769231 0.6947115384615384 0.11899038461538461 0.21153846153846154
9 0.8004807692307693 0.6550480769230769 0.09615384615384616 0.19951923076923078
8 0.4795673076923077 0.4807692307692308 0.0625 0.06129807692307692
10 0.5745192307692307 0.36658653846153844 0.28125 0.03365384615384615