11 0.4651442307692308 0.5384615384615384 0.8762019230769231 0.6129807692307693
17 0.23197115384615385 0.7391826923076923 0.3161057692307692 0.17067307692307693
2 0.32091346153846156 0.49759615384615385 0.48677884615384615 0.18028846153846154
3 0.6646634615384616 0.5384615384615384 0.15384615384615385 0.26322115384615385
3 0.7800480769230769 0.49759615384615385 0.09254807692307693 0.25240384615384615
4 0.296875 0.6237980769230769 0.1778846153846154 0.09254807692307693
6 0.4807692307692308 0.3425480769230769 0.2824519230769231 0.13942307692307693
7 0.6682692307692307 0.35336538461538464 0.10817307692307693 0.15985576923076922
7 0.7644230769230769 0.33774038461538464 0.10817307692307693 0.14903846153846154
8 0.65625 0.4074519230769231 0.07692307692307693 0.07211538461538461
9 0.45552884615384615 0.7139423076923077 0.1466346153846154 0.25240384615384615
9 0.8413461538461539 0.5384615384615384 0.06971153846153846 0.18028846153846154
10 0.5949519230769231 0.26322115384615385 0.3473557692307692 0.051682692307692304