15 0.5048076923076923 0.4723557692307692 0.9278846153846154 0.6418269230769231
17 0.13221153846153846 0.6274038461538461 0.1814903846153846 0.21033653846153846
2 0.265625 0.3762019230769231 0.375 0.16105769230769232
3 0.6286057692307693 0.453125 0.2776442307692308 0.328125
4 0.16947115384615385 0.4795673076923077 0.15264423076923078 0.13822115384615385
6 0.47115384615384615 0.23918269230769232 0.20673076923076922 0.14543269230769232
7 0.6538461538461539 0.26322115384615385 0.19230769230769232 0.15865384615384615
8 0.5709134615384616 0.31009615384615385 0.07572115384615384 0.07211538461538461
9 0.3161057692307692 0.625 0.18389423076923078 0.28365384615384615
9 0.8882211538461539 0.48677884615384615 0.09134615384615384 0.19951923076923078
10 0.6322115384615384 0.15264423076923078 0.2512019230769231 0.04447115384615385