15 0.49759615384615385 0.48197115384615385 0.8581730769230769 0.44350961538461536
17 0.1141826923076923 0.5661057692307693 0.09014423076923077 0.13701923076923078
2 0.16947115384615385 0.4411057692307692 0.14182692307692307 0.12259615384615384
3 0.40024038461538464 0.5216346153846154 0.21514423076923078 0.21875
3 0.59375 0.5240384615384616 0.19951923076923078 0.22235576923076922
7 0.4098557692307692 0.3629807692307692 0.19230769230769232 0.1502403846153846
7 0.5949519230769231 0.3581730769230769 0.1778846153846154 0.14182692307692307
7 0.7704326923076923 0.35336538461538464 0.171875 0.14423076923076922
8 0.3233173076923077 0.39302884615384615 0.05889423076923077 0.056490384615384616
9 0.21033653846153846 0.5901442307692307 0.13942307692307693 0.17548076923076922
9 0.75 0.6129807692307693 0.1310096153846154 0.1814903846153846
4 0.12379807692307693 0.46875 0.0673076923076923 0.07932692307692307
4 0.8918269230769231 0.47716346153846156 0.057692307692307696 0.07091346153846154