1 0.45552884615384615 0.5576923076923077 0.6069711538461539 0.3629807692307692
17 0.6682692307692307 0.6526442307692307 0.18509615384615385 0.15144230769230768
2 0.5985576923076923 0.5372596153846154 0.2956730769230769 0.11778846153846154
3 0.33533653846153844 0.5697115384615384 0.15985576923076922 0.171875
4 0.6165865384615384 0.5576923076923077 0.11177884615384616 0.09014423076923077
4 0.16706730769230768 0.49158653846153844 0.018028846153846152 0.04807692307692308
7 0.3389423076923077 0.45072115384615385 0.11298076923076923 0.10096153846153846
6 0.4519230769230769 0.4519230769230769 0.1466346153846154 0.10576923076923077
7 0.25600961538461536 0.44471153846153844 0.0673076923076923 0.07692307692307693
9 0.203125 0.5997596153846154 0.06610576923076923 0.15985576923076922
9 0.5288461538461539 0.6502403846153846 0.0829326923076923 0.1875
10 0.34615384615384615 0.39663461538461536 0.234375 0.03125