14 0.5012019230769231 0.6189903846153846 0.7403846153846154 0.5456730769230769
17 0.6995192307692307 0.7776442307692307 0.3485576923076923 0.20192307692307693
5 0.6887019230769231 0.5985576923076923 0.3545673076923077 0.23918269230769232
4 0.6117788461538461 0.6370192307692307 0.12980769230769232 0.15625
4 0.8425480769230769 0.6129807692307693 0.026442307692307692 0.09615384615384616
3 0.35336538461538464 0.6189903846153846 0.1346153846153846 0.19951923076923078
3 0.24519230769230768 0.6141826923076923 0.10336538461538461 0.19591346153846154
6 0.6021634615384616 0.4423076923076923 0.2644230769230769 0.15264423076923078
7 0.38461538461538464 0.4651442307692308 0.12620192307692307 0.17307692307692307
7 0.27163461538461536 0.45072115384615385 0.12379807692307693 0.14783653846153846
8 0.20432692307692307 0.4879807692307692 0.05048076923076923 0.05048076923076923
9 0.4338942307692308 0.8125 0.11538461538461539 0.21634615384615385
9 0.16346153846153846 0.65625 0.052884615384615384 0.16706730769230768
10 0.4495192307692308 0.3786057692307692 0.3389423076923077 0.03365384615384615