11 0.5180288461538461 0.5216346153846154 0.8401442307692307 0.671875
17 0.39663461538461536 0.6670673076923077 0.5456730769230769 0.20793269230769232
2 0.41947115384615385 0.44591346153846156 0.5348557692307693 0.14783653846153846
3 0.8040865384615384 0.5985576923076923 0.12379807692307693 0.3329326923076923
4 0.5841346153846154 0.5384615384615384 0.18509615384615385 0.1141826923076923
4 0.17427884615384615 0.4567307692307692 0.06490384615384616 0.1141826923076923
6 0.5204326923076923 0.3004807692307692 0.41466346153846156 0.1310096153846154
7 0.7800480769230769 0.3557692307692308 0.09134615384615384 0.17427884615384615
8 0.2980769230769231 0.30649038461538464 0.057692307692307696 0.08774038461538461
8 0.7896634615384616 0.40384615384615385 0.09495192307692307 0.1310096153846154
9 0.6923076923076923 0.6935096153846154 0.09134615384615384 0.328125
9 0.890625 0.6935096153846154 0.08052884615384616 0.3173076923076923