1 0.5228365384615384 0.5 0.8653846153846154 0.9603365384615384
17 0.6730769230769231 0.7512019230769231 0.5600961538461539 0.26322115384615385
2 0.65625 0.44350961538461536 0.5384615384615384 0.16466346153846154
3 0.26322115384615385 0.5865384615384616 0.09615384615384616 0.41947115384615385
3 0.18028846153846154 0.5432692307692307 0.07451923076923077 0.41225961538461536
4 0.4987980769230769 0.578125 0.15384615384615385 0.16105769230769232
4 0.90625 0.5336538461538461 0.07211538461538461 0.15745192307692307
6 0.5637019230769231 0.22355769230769232 0.45552884615384615 0.2824519230769231
7 0.2848557692307692 0.24879807692307693 0.09014423076923077 0.29447115384615385
8 0.28125 0.35336538461538464 0.10576923076923077 0.109375
8 0.8016826923076923 0.3076923076923077 0.06610576923076923 0.0985576923076923
9 0.3786057692307692 0.8040865384615384 0.14783653846153846 0.35336538461538464
9 0.1346153846153846 0.6646634615384616 0.06129807692307692 0.27884615384615385
10 0.41346153846153844 0.07091346153846154 0.43990384615384615 0.055288461538461536
7 0.18629807692307693 0.22115384615384615 0.16706730769230768 0.26322115384615385