11 0.5 0.5024038461538461 0.8293269230769231 0.5180288461538461
17 0.2512019230769231 0.6286057692307693 0.33413461538461536 0.16947115384615385
2 0.3317307692307692 0.44350961538461536 0.4495192307692308 0.13581730769230768
3 0.6622596153846154 0.5120192307692307 0.15264423076923078 0.2668269230769231
3 0.7872596153846154 0.48677884615384615 0.11298076923076923 0.23918269230769232
4 0.33653846153846156 0.53125 0.16826923076923078 0.08173076923076923
6 0.48677884615384615 0.3329326923076923 0.26802884615384615 0.125
7 0.6634615384615384 0.33774038461538464 0.1045673076923077 0.13822115384615385
7 0.7536057692307693 0.3317307692307692 0.09014423076923077 0.13581730769230768
9 0.4807692307692308 0.6274038461538461 0.14182692307692307 0.25
9 0.8521634615384616 0.5456730769230769 0.07211538461538461 0.18509615384615385
8 0.6574519230769231 0.3762019230769231 0.08173076923076923 0.06490384615384616
10 0.6201923076923077 0.2644230769230769 0.3245192307692308 0.038461538461538464