11 0.4855769230769231 0.49038461538461536 0.9026442307692307 0.7980769230769231
17 0.36538461538461536 0.6237980769230769 0.640625 0.27283653846153844
2 0.39663461538461536 0.3485576923076923 0.5420673076923077 0.14423076923076922
3 0.8185096153846154 0.46875 0.07451923076923077 0.3125
3 0.8822115384615384 0.44471153846153844 0.046875 0.25600961538461536
4 0.5552884615384616 0.4567307692307692 0.22596153846153846 0.15865384615384615
4 0.10576923076923077 0.4423076923076923 0.07932692307692307 0.1310096153846154
6 0.5240384615384616 0.21875 0.4326923076923077 0.18389423076923078
7 0.8088942307692307 0.2283653846153846 0.10336538461538461 0.17668269230769232
8 0.8197115384615384 0.2692307692307692 0.08413461538461539 0.07692307692307693
8 0.6899038461538461 0.2776442307692308 0.09254807692307693 0.10576923076923077
9 0.7355769230769231 0.6850961538461539 0.11778846153846154 0.375
9 0.9074519230769231 0.5925480769230769 0.055288461538461536 0.24759615384615385
9 0.18509615384615385 0.7403846153846154 0.18870192307692307 0.12740384615384615