16 0.5024038461538461 0.5 0.9939903846153846 0.9891826923076923
17 0.9711538461538461 0.6201923076923077 0.054086538461538464 0.3233173076923077
17 0.15264423076923078 0.671875 0.3016826923076923 0.28125
5 0.140625 0.37740384615384615 0.25 0.3485576923076923
4 0.16706730769230768 0.359375 0.13341346153846154 0.17668269230769232
4 0.9399038461538461 0.42427884615384615 0.09975961538461539 0.16105769230769232
3 0.4795673076923077 0.5360576923076923 0.2283653846153846 0.5
3 0.6730769230769231 0.53125 0.18990384615384615 0.4795673076923077
7 0.4675480769230769 0.18990384615384615 0.17427884615384615 0.2764423076923077
7 0.6574519230769231 0.203125 0.19951923076923078 0.3125
8 0.7764423076923077 0.328125 0.042067307692307696 0.16706730769230768
9 0.37259615384615385 0.7860576923076923 0.15985576923076922 0.4170673076923077
9 0.8918269230769231 0.734375 0.12379807692307693 0.40625
6 0.23076923076923078 0.15625 0.22956730769230768 0.2608173076923077
10 0.4831730769230769 0.04927884615384615 0.34975961538461536 0.0889423076923077