1 0.49038461538461536 0.5324519230769231 0.8401442307692307 0.7103365384615384
17 0.7163461538461539 0.7043269230769231 0.3762019230769231 0.23076923076923078
2 0.6814903846153846 0.5144230769230769 0.421875 0.20793269230769232
3 0.2980769230769231 0.5528846153846154 0.15384615384615385 0.3317307692307692
3 0.17427884615384615 0.48677884615384615 0.10697115384615384 0.2848557692307692
4 0.5661057692307693 0.5096153846153846 0.20552884615384615 0.15865384615384615
4 0.8245192307692307 0.47475961538461536 0.10697115384615384 0.16947115384615385
6 0.5516826923076923 0.31971153846153844 0.35096153846153844 0.19110576923076922
7 0.21514423076923078 0.2932692307692308 0.09615384615384616 0.15144230769230768
7 0.3269230769230769 0.3269230769230769 0.13341346153846154 0.18990384615384615
8 0.33413461538461536 0.3942307692307692 0.07932692307692307 0.08052884615384616
9 0.45072115384615385 0.7379807692307693 0.16105769230769232 0.2920673076923077
9 0.12379807692307693 0.6081730769230769 0.07211538461538461 0.23677884615384615
10 0.37740384615384615 0.21394230769230768 0.4411057692307692 0.0673076923076923