15 0.5528846153846154 0.5396634615384616 0.6658653846153846 0.5264423076923077
17 0.8185096153846154 0.671875 0.13221153846153846 0.19951923076923078
17 0.2692307692307692 0.6754807692307693 0.07692307692307693 0.15504807692307693
2 0.3293269230769231 0.5084134615384616 0.16346153846153846 0.1310096153846154
3 0.5 0.5997596153846154 0.17067307692307693 0.24278846153846154
4 0.7980769230769231 0.5240384615384616 0.04567307692307692 0.09975961538461539
4 0.8629807692307693 0.49038461538461536 0.021634615384615384 0.09975961538461539
6 0.8004807692307693 0.38341346153846156 0.11177884615384616 0.15745192307692307
7 0.5120192307692307 0.40865384615384615 0.16346153846153846 0.18389423076923078
8 0.43990384615384615 0.46033653846153844 0.03245192307692308 0.0829326923076923
9 0.3449519230769231 0.6838942307692307 0.09014423076923077 0.21394230769230768
9 0.7043269230769231 0.7079326923076923 0.0985576923076923 0.22596153846153846
7 0.6598557692307693 0.40625 0.13701923076923078 0.1971153846153846
10 0.6526442307692307 0.31009615384615385 0.3137019230769231 0.08533653846153846