1 0.5180288461538461 0.4735576923076923 0.9098557692307693 0.8822115384615384
8 0.9302884615384616 0.25721153846153844 0.08774038461538461 0.07932692307692307
8 0.2283653846153846 0.2620192307692308 0.11538461538461539 0.1045673076923077
17 0.6887019230769231 0.7427884615384616 0.5420673076923077 0.31850961538461536
7 0.24278846153846154 0.1971153846153846 0.08533653846153846 0.21634615384615385
7 0.1658653846153846 0.15865384615384615 0.07692307692307693 0.1622596153846154
7 0.7548076923076923 0.17908653846153846 0.10096153846153846 0.13221153846153846
7 0.8822115384615384 0.19831730769230768 0.13942307692307693 0.15865384615384615
6 0.484375 0.18870192307692307 0.42908653846153844 0.24158653846153846
3 0.13221153846153846 0.34134615384615385 0.08052884615384616 0.29447115384615385
3 0.21514423076923078 0.43028846153846156 0.10096153846153846 0.30528846153846156
3 0.8870192307692307 0.3016826923076923 0.18389423076923078 0.1201923076923077
9 0.3485576923076923 0.7223557692307693 0.14182692307692307 0.36778846153846156
9 0.09495192307692307 0.4483173076923077 0.0625 0.23918269230769232
2 0.6490384615384616 0.39903846153846156 0.6334134615384616 0.2247596153846154
10 0.36899038461538464 0.07451923076923077 0.49399038461538464 0.07692307692307693