11 0.49399038461538464 0.5240384615384616 0.8221153846153846 0.8197115384615384
17 0.31490384615384615 0.7463942307692307 0.49759615384615385 0.25721153846153844
2 0.390625 0.3798076923076923 0.5853365384615384 0.15865384615384615
4 0.47836538461538464 0.5324519230769231 0.15625 0.13701923076923078
4 0.13581730769230768 0.4639423076923077 0.08413461538461539 0.0985576923076923
3 0.8076923076923077 0.47596153846153844 0.10216346153846154 0.3173076923076923
6 0.5733173076923077 0.22956730769230768 0.36778846153846156 0.15264423076923078
7 0.7896634615384616 0.2403846153846154 0.06490384615384616 0.15264423076923078
7 0.8413461538461539 0.24879807692307693 0.054086538461538464 0.16947115384615385
8 0.796875 0.3137019230769231 0.06490384615384616 0.08173076923076923
9 0.6622596153846154 0.7427884615384616 0.10216346153846154 0.38221153846153844
9 0.8798076923076923 0.4891826923076923 0.04326923076923077 0.24639423076923078
10 0.65625 0.15625 0.375 0.04927884615384615