1 0.5228365384615384 0.4206730769230769 0.6526442307692307 0.46875
17 0.6622596153846154 0.5336538461538461 0.359375 0.13942307692307693
2 0.6201923076923077 0.3713942307692308 0.375 0.11298076923076923
3 0.33774038461538464 0.4098557692307692 0.09615384615384616 0.17067307692307693
3 0.2608173076923077 0.3942307692307692 0.057692307692307696 0.17067307692307693
4 0.5697115384615384 0.4326923076923077 0.1346153846153846 0.09254807692307693
4 0.8064903846153846 0.4026442307692308 0.046875 0.10336538461538461
6 0.5 0.2704326923076923 0.25841346153846156 0.13942307692307693
7 0.3161057692307692 0.2704326923076923 0.10096153846153846 0.09735576923076923
8 0.34975961538461536 0.31490384615384615 0.08052884615384616 0.07211538461538461
9 0.44350961538461536 0.5492788461538461 0.10096153846153846 0.20072115384615385
9 0.24519230769230768 0.4567307692307692 0.05048076923076923 0.13942307692307693