14 0.49399038461538464 0.6105769230769231 0.8545673076923077 0.6165865384615384
17 0.7572115384615384 0.7259615384615384 0.30649038461538464 0.22596153846153846
3 0.3016826923076923 0.5697115384615384 0.171875 0.2247596153846154
3 0.4543269230769231 0.5913461538461539 0.15985576923076922 0.25
4 0.7127403846153846 0.5540865384615384 0.1502403846153846 0.10336538461538461
4 0.8918269230769231 0.5865384615384616 0.036057692307692304 0.078125
7 0.3557692307692308 0.40625 0.17067307692307693 0.140625
7 0.5012019230769231 0.41225961538461536 0.15865384615384615 0.13942307692307693
8 0.2644230769230769 0.42788461538461536 0.040865384615384616 0.06850961538461539
9 0.5348557692307693 0.7620192307692307 0.14423076923076922 0.2644230769230769
9 0.13822115384615385 0.65625 0.1141826923076923 0.21033653846153846
6 0.7487980769230769 0.43990384615384615 0.21634615384615385 0.09975961538461539