1 0.49158653846153844 0.5685096153846154 0.8930288461538461 0.5480769230769231
17 0.7307692307692307 0.6850961538461539 0.42908653846153844 0.21875
3 0.265625 0.5829326923076923 0.12379807692307693 0.2536057692307692
3 0.15865384615384615 0.5661057692307693 0.09375 0.22956730769230768
2 0.6682692307692307 0.47836538461538464 0.5060096153846154 0.11057692307692307
6 0.4831730769230769 0.38341346153846156 0.31850961538461536 0.1310096153846154
7 0.28846153846153844 0.3954326923076923 0.10697115384615384 0.1201923076923077
7 0.19591346153846154 0.39903846153846156 0.1045673076923077 0.12740384615384615
8 0.30528846153846156 0.41947115384615385 0.08052884615384616 0.06370192307692307
9 0.4543269230769231 0.6802884615384616 0.16105769230769232 0.2932692307692308
9 0.10096153846153846 0.6310096153846154 0.06850961538461539 0.19591346153846154
4 0.6129807692307693 0.5516826923076923 0.15504807692307693 0.11538461538461539
4 0.90625 0.5504807692307693 0.028846153846153848 0.07932692307692307