15 0.4987980769230769 0.4963942307692308 0.9927884615384616 0.9591346153846154
17 0.07091346153846154 0.6742788461538461 0.13701923076923078 0.3088942307692308
17 0.9254807692307693 0.6298076923076923 0.14423076923076922 0.3173076923076923
2 0.1622596153846154 0.40625 0.2800480769230769 0.2439903846153846
3 0.4519230769230769 0.5492788461538461 0.20673076923076922 0.5444711538461539
3 0.6490384615384616 0.5444711538461539 0.18028846153846154 0.5204326923076923
8 0.3942307692307692 0.25240384615384615 0.051682692307692304 0.1466346153846154
7 0.49158653846153844 0.17427884615384615 0.14423076923076922 0.3173076923076923
7 0.6514423076923077 0.16706730769230768 0.17548076923076922 0.2848557692307692
4 0.0625 0.4831730769230769 0.09495192307692307 0.17067307692307693
4 0.96875 0.39783653846153844 0.038461538461538464 0.22716346153846154
9 0.2127403846153846 0.7271634615384616 0.1466346153846154 0.44711538461538464
9 0.7824519230769231 0.703125 0.12740384615384615 0.4639423076923077
6 0.3701923076923077 0.15865384615384615 0.12139423076923077 0.25240384615384615