13 0.5721153846153846 0.5384615384615384 0.7247596153846154 0.6153846153846154
17 0.42908653846153844 0.6766826923076923 0.4110576923076923 0.21033653846153846
5 0.43509615384615385 0.47596153846153844 0.38221153846153844 0.23677884615384615
4 0.53125 0.4567307692307692 0.17427884615384615 0.07572115384615384
4 0.28125 0.45072115384615385 0.07451923076923077 0.0829326923076923
3 0.7379807692307693 0.5180288461538461 0.09495192307692307 0.2403846153846154
3 0.8173076923076923 0.5216346153846154 0.07572115384615384 0.22596153846153846
6 0.4891826923076923 0.3317307692307692 0.2980769230769231 0.11899038461538461
7 0.7067307692307693 0.3401442307692308 0.0889423076923077 0.13942307692307693
7 0.7836538461538461 0.3485576923076923 0.09134615384615384 0.1466346153846154
8 0.8521634615384616 0.3870192307692308 0.046875 0.0673076923076923
9 0.6911057692307693 0.7091346153846154 0.078125 0.2620192307692308
9 0.8810096153846154 0.5817307692307693 0.0733173076923077 0.17908653846153846