11 0.49759615384615385 0.5588942307692307 0.7536057692307693 0.5721153846153846
17 0.7271634615384616 0.6766826923076923 0.27283653846153844 0.20793269230769232
4 0.6502403846153846 0.5372596153846154 0.1201923076923077 0.11177884615384616
3 0.3317307692307692 0.5324519230769231 0.16105769230769232 0.22115384615384615
8 0.2644230769230769 0.40384615384615385 0.042067307692307696 0.057692307692307696
7 0.375 0.38221153846153844 0.15384615384615385 0.12980769230769232
6 0.6646634615384616 0.38100961538461536 0.23317307692307693 0.15144230769230768
5 0.7463942307692307 0.5096153846153846 0.23798076923076922 0.23076923076923078
9 0.1814903846153846 0.5865384615384616 0.09254807692307693 0.20673076923076922
9 0.5240384615384616 0.6887019230769231 0.13581730769230768 0.2800480769230769
10 0.5024038461538461 0.30528846153846156 0.34975961538461536 0.04567307692307692