1 0.49158653846153844 0.5132211538461539 0.9074519230769231 0.6646634615384616
17 0.8076923076923077 0.7247596153846154 0.25961538461538464 0.19951923076923078
4 0.7427884615384616 0.5841346153846154 0.21754807692307693 0.1310096153846154
2 0.6959134615384616 0.4362980769230769 0.46153846153846156 0.18509615384615385
3 0.3112980769230769 0.4879807692307692 0.1466346153846154 0.23918269230769232
3 0.1778846153846154 0.44711538461538464 0.12139423076923077 0.22716346153846154
4 0.052884615384615384 0.3401442307692308 0.021634615384615384 0.04807692307692308
4 0.018028846153846152 0.3449519230769231 0.03245192307692308 0.056490384615384616
7 0.1935096153846154 0.29086538461538464 0.1346153846153846 0.13942307692307693
7 0.32211538461538464 0.32211538461538464 0.125 0.18990384615384615
8 0.3581730769230769 0.375 0.0889423076923077 0.0829326923076923
6 0.5108173076923077 0.3088942307692308 0.25961538461538464 0.1875
9 0.1141826923076923 0.4963942307692308 0.09014423076923077 0.16466346153846154
9 0.5769230769230769 0.7019230769230769 0.18269230769230768 0.2704326923076923