11 0.47836538461538464 0.5348557692307693 0.7536057692307693 0.7668269230769231
17 0.3425480769230769 0.7608173076923077 0.4735576923076923 0.18389423076923078
2 0.35096153846153844 0.4963942307692308 0.4411057692307692 0.18509615384615385
3 0.6875 0.5685096153846154 0.09735576923076923 0.30408653846153844
4 0.4699519230769231 0.6117788461538461 0.15985576923076922 0.16466346153846154
4 0.13581730769230768 0.5805288461538461 0.03485576923076923 0.1310096153846154
6 0.4387019230769231 0.30528846153846156 0.41225961538461536 0.23557692307692307
7 0.7584134615384616 0.3173076923076923 0.0985576923076923 0.20673076923076922
9 0.8161057692307693 0.609375 0.042067307692307696 0.15625
9 0.6033653846153846 0.7860576923076923 0.09735576923076923 0.25240384615384615
8 0.6682692307692307 0.38461538461538464 0.06610576923076923 0.13581730769230768