1 0.4879807692307692 0.49038461538461536 0.9387019230769231 0.6526442307692307
17 0.78125 0.6225961538461539 0.3605769230769231 0.2608173076923077
2 0.7211538461538461 0.41947115384615385 0.4579326923076923 0.1778846153846154
3 0.2824519230769231 0.4795673076923077 0.1935096153846154 0.2692307692307692
3 0.13701923076923078 0.4266826923076923 0.11298076923076923 0.23076923076923078
6 0.5168269230769231 0.2608173076923077 0.38221153846153844 0.16105769230769232
7 0.2776442307692308 0.27884615384615385 0.15384615384615385 0.16346153846153846
7 0.15985576923076922 0.2668269230769231 0.10817307692307693 0.12259615384615384
8 0.3293269230769231 0.35697115384615385 0.09615384615384616 0.07451923076923077
9 0.5 0.6766826923076923 0.15985576923076922 0.25240384615384615
9 0.08173076923076923 0.5096153846153846 0.06370192307692307 0.1466346153846154
10 0.3473557692307692 0.18509615384615385 0.3701923076923077 0.042067307692307696