14 0.4879807692307692 0.45072115384615385 0.9723557692307693 0.8966346153846154
17 0.7283653846153846 0.6610576923076923 0.4699519230769231 0.2800480769230769
4 0.5540865384615384 0.46153846153846156 0.2860576923076923 0.17307692307692307
4 0.9182692307692307 0.3713942307692308 0.04567307692307692 0.13822115384615385
3 0.14302884615384615 0.4567307692307692 0.12139423076923077 0.3894230769230769
3 0.04807692307692308 0.3918269230769231 0.078125 0.25961538461538464
7 0.07692307692307693 0.1814903846153846 0.11057692307692307 0.20192307692307693
7 0.19230769230769232 0.18028846153846154 0.12980769230769232 0.21634615384615385
7 0.34375 0.16706730769230768 0.1814903846153846 0.25961538461538464
6 0.7055288461538461 0.18269230769230768 0.4074519230769231 0.29086538461538464
8 0.013221153846153846 0.23076923076923078 0.021634615384615384 0.06971153846153846
9 0.3112980769230769 0.6802884615384616 0.1814903846153846 0.3401442307692308