13 0.5240384615384616 0.47596153846153844 0.9483173076923077 0.8293269230769231
17 0.7944711538461539 0.6983173076923077 0.40384615384615385 0.36778846153846156
4 0.6081730769230769 0.49759615384615385 0.25240384615384615 0.15745192307692307
3 0.2283653846153846 0.4675480769230769 0.08774038461538461 0.3016826923076923
3 0.15865384615384615 0.43028846153846156 0.05048076923076923 0.2536057692307692
6 0.7704326923076923 0.22235576923076922 0.36177884615384615 0.2536057692307692
7 0.2704326923076923 0.2283653846153846 0.13221153846153846 0.21033653846153846
7 0.4074519230769231 0.24158653846153846 0.17427884615384615 0.22716346153846154
7 0.17908653846153846 0.23557692307692307 0.06610576923076923 0.14182692307692307
9 0.35697115384615385 0.6995192307692307 0.11778846153846154 0.3329326923076923
9 0.12259615384615384 0.4639423076923077 0.057692307692307696 0.17067307692307693
8 0.1141826923076923 0.2848557692307692 0.06009615384615385 0.05889423076923077
5 0.7704326923076923 0.3894230769230769 0.40384615384615385 0.5925480769230769