11 0.4879807692307692 0.5132211538461539 0.7067307692307693 0.46875
17 0.24879807692307693 0.6057692307692307 0.2283653846153846 0.12860576923076922
2 0.33413461538461536 0.44591346153846156 0.32091346153846156 0.08774038461538461
3 0.5901442307692307 0.5180288461538461 0.1310096153846154 0.21153846153846154
3 0.7103365384615384 0.5072115384615384 0.10817307692307693 0.19110576923076922
9 0.4266826923076923 0.6286057692307693 0.15865384615384615 0.20673076923076922
9 0.7860576923076923 0.5745192307692307 0.0733173076923077 0.13942307692307693
4 0.30288461538461536 0.5108173076923077 0.1201923076923077 0.0829326923076923
7 0.5985576923076923 0.3713942307692308 0.10817307692307693 0.10336538461538461
7 0.6875 0.36899038461538464 0.08533653846153846 0.12860576923076922
6 0.453125 0.3557692307692308 0.17427884615384615 0.11298076923076923
8 0.5793269230769231 0.4026442307692308 0.06129807692307692 0.06129807692307692