13 0.5036057692307693 0.5432692307692307 0.8233173076923077 0.6875
17 0.3858173076923077 0.6875 0.5673076923076923 0.22115384615384615
9 0.6923076923076923 0.7175480769230769 0.07932692307692307 0.29447115384615385
9 0.8774038461538461 0.6069711538461539 0.057692307692307696 0.2512019230769231
6 0.39783653846153844 0.3389423076923077 0.42427884615384615 0.16346153846153846
7 0.6694711538461539 0.3329326923076923 0.078125 0.15865384615384615
7 0.7439903846153846 0.33052884615384615 0.078125 0.15865384615384615
8 0.8185096153846154 0.36177884615384615 0.07091346153846154 0.08173076923076923
4 0.14783653846153846 0.5204326923076923 0.08774038461538461 0.14423076923076922
4 0.5324519230769231 0.5240384615384616 0.14783653846153846 0.11538461538461539
3 0.8004807692307693 0.5504807692307693 0.11899038461538461 0.296875
10 0.4963942307692308 0.24639423076923078 0.44350961538461536 0.05889423076923077
5 0.359375 0.5252403846153846 0.5012019230769231 0.23557692307692307