11 0.48197115384615385 0.4855769230769231 0.7259615384615384 0.6502403846153846
17 0.33052884615384615 0.6526442307692307 0.3641826923076923 0.2536057692307692
2 0.38461538461538464 0.3918269230769231 0.46274038461538464 0.14182692307692307
3 0.7091346153846154 0.4675480769230769 0.09134615384615384 0.23918269230769232
3 0.7848557692307693 0.42788461538461536 0.0673076923076923 0.21153846153846154
6 0.5204326923076923 0.25961538461538464 0.3076923076923077 0.11298076923076923
7 0.6983173076923077 0.2776442307692308 0.07211538461538461 0.13221153846153846
7 0.7608173076923077 0.2704326923076923 0.07211538461538461 0.13221153846153846
9 0.8052884615384616 0.5060096153846154 0.06009615384615385 0.16105769230769232
9 0.5661057692307693 0.6538461538461539 0.1346153846153846 0.2824519230769231
4 0.43509615384615385 0.4879807692307692 0.17427884615384615 0.09134615384615384