1 0.4951923076923077 0.47596153846153844 0.9627403846153846 0.7019230769230769
9 0.4963942307692308 0.6706730769230769 0.16706730769230768 0.2932692307692308
9 0.078125 0.47596153846153844 0.07692307692307693 0.16947115384615385
8 0.3112980769230769 0.3016826923076923 0.11057692307692307 0.09735576923076923
7 0.2920673076923077 0.2403846153846154 0.10336538461538461 0.1778846153846154
7 0.19831730769230768 0.23557692307692307 0.06370192307692307 0.15985576923076922
6 0.5072115384615384 0.22716346153846154 0.28725961538461536 0.18629807692307693
17 0.7644230769230769 0.6706730769230769 0.3701923076923077 0.23076923076923078
4 0.7247596153846154 0.4735576923076923 0.12379807692307693 0.08413461538461539
4 0.7487980769230769 0.5600961538461539 0.09615384615384616 0.07091346153846154
3 0.27524038461538464 0.46274038461538464 0.12980769230769232 0.2848557692307692
2 0.6862980769230769 0.3557692307692308 0.48677884615384615 0.15144230769230768