11 0.5180288461538461 0.6298076923076923 0.9086538461538461 0.6646634615384616
17 0.22115384615384615 0.7487980769230769 0.3317307692307692 0.14903846153846154
2 0.3605769230769231 0.5444711538461539 0.5060096153846154 0.11658653846153846
3 0.6959134615384616 0.6141826923076923 0.14182692307692307 0.2704326923076923
3 0.8052884615384616 0.5865384615384616 0.11177884615384616 0.21634615384615385
9 0.8629807692307693 0.7103365384615384 0.07091346153846154 0.19591346153846154
9 0.47836538461538464 0.7848557692307693 0.18509615384615385 0.3004807692307692
6 0.5372596153846154 0.3954326923076923 0.23076923076923078 0.15144230769230768
7 0.6850961538461539 0.41346153846153844 0.09975961538461539 0.14182692307692307
7 0.78125 0.40865384615384615 0.09975961538461539 0.14182692307692307
8 0.6682692307692307 0.45913461538461536 0.06490384615384616 0.07932692307692307
4 0.25721153846153844 0.640625 0.14423076923076922 0.11899038461538461
4 0.10697115384615384 0.6057692307692307 0.038461538461538464 0.1045673076923077
17 0.9411057692307693 0.6213942307692307 0.056490384615384616 0.07211538461538461