13 0.5024038461538461 0.6658653846153846 0.7572115384615384 0.47716346153846156
17 0.3485576923076923 0.7475961538461539 0.46153846153846156 0.18509615384615385
17 0.49759615384615385 0.6033653846153846 0.08774038461538461 0.13942307692307693
17 0.15144230769230768 0.6153846153846154 0.05048076923076923 0.13221153846153846
3 0.6694711538461539 0.6862980769230769 0.09495192307692307 0.2512019230769231
3 0.7451923076923077 0.7067307692307693 0.07572115384615384 0.2403846153846154
9 0.8341346153846154 0.7752403846153846 0.078125 0.18028846153846154
9 0.6237980769230769 0.7872596153846154 0.07572115384615384 0.23918269230769232
7 0.640625 0.5228365384615384 0.07932692307692307 0.1346153846153846
7 0.7043269230769231 0.5324519230769231 0.09014423076923077 0.10576923076923077
8 0.7764423076923077 0.5685096153846154 0.05048076923076923 0.07091346153846154
5 0.3269230769230769 0.5985576923076923 0.40384615384615385 0.15865384615384615
6 0.40865384615384615 0.49399038461538464 0.3317307692307692 0.10817307692307693