11 0.4423076923076923 0.5600961538461539 0.8533653846153846 0.6213942307692307
17 0.24639423076923078 0.6875 0.4675480769230769 0.17067307692307693
2 0.2439903846153846 0.5384615384615384 0.4110576923076923 0.16706730769230768
4 0.375 0.5288461538461539 0.12860576923076922 0.09495192307692307
4 0.06850961538461539 0.5649038461538461 0.06009615384615385 0.09134615384615384
3 0.6069711538461539 0.5384615384615384 0.12379807692307693 0.265625
6 0.3389423076923077 0.3942307692307692 0.3329326923076923 0.1814903846153846
9 0.5144230769230769 0.6274038461538461 0.06370192307692307 0.2692307692307692
9 0.8149038461538461 0.5649038461538461 0.078125 0.2800480769230769
7 0.5733173076923077 0.359375 0.10576923076923077 0.15144230769230768
8 0.13822115384615385 0.44471153846153844 0.052884615384615384 0.07211538461538461
8 0.5841346153846154 0.38221153846153844 0.06850961538461539 0.06850961538461539