14 0.4963942307692308 0.5336538461538461 0.9134615384615384 0.640625
17 0.7608173076923077 0.6490384615384616 0.4266826923076923 0.2860576923076923
3 0.30528846153846156 0.5048076923076923 0.17067307692307693 0.2776442307692308
3 0.16826923076923078 0.4855769230769231 0.11057692307692307 0.23317307692307693
4 0.7211538461538461 0.44711538461538464 0.140625 0.2091346153846154
5 0.7524038461538461 0.4411057692307692 0.3485576923076923 0.25
6 0.6021634615384616 0.28365384615384615 0.2800480769230769 0.11057692307692307
7 0.34134615384615385 0.31009615384615385 0.13942307692307693 0.11538461538461539
7 0.21634615384615385 0.31850961538461536 0.1346153846153846 0.12379807692307693
8 0.12980769230769232 0.3557692307692308 0.06129807692307692 0.0625
9 0.46274038461538464 0.6838942307692307 0.1935096153846154 0.3329326923076923
9 0.0733173076923077 0.5384615384615384 0.06370192307692307 0.17548076923076922